folds:,0,1,2,3,4,5,6,7,8,9,10,11,12,13,14,15,16,17,18,19,20,21,22,23,24,25,26,27,28,29
ACSF1,0.89,0.78,0.79,0.84,0.8,0.87,0.77,0.84,0.76,0.79,0.85,0.85,0.84,0.76,0.79,0.81,0.84,0.8,0.84,0.75,0.8,0.75,0.78,0.86,0.77,0.78,0.81,0.72,0.79,0.84
Adiac,0.7774936061381074,0.7723785166240409,0.7493606138107417,0.7468030690537084,0.7953964194373402,0.7749360613810742,0.7621483375959079,0.7672634271099744,0.7621483375959079,0.7774936061381074,0.7493606138107417,0.7928388746803069,0.7340153452685422,0.7698209718670077,0.782608695652174,0.7698209718670077,0.7621483375959079,0.7595907928388747,0.7672634271099744,0.7953964194373402,0.7698209718670077,0.7647058823529411,0.7953964194373402,0.7928388746803069,0.7544757033248082,0.7928388746803069,0.7621483375959079,0.7774936061381074,0.8107416879795396,0.7749360613810742
ArrowHead,0.8171428571428572,0.8628571428571429,0.8457142857142858,0.8971428571428571,0.8571428571428571,0.8342857142857143,0.8971428571428571,0.8571428571428571,0.8742857142857143,0.8914285714285715,0.84,0.8628571428571429,0.7714285714285715,0.8971428571428571,0.8685714285714285,0.8742857142857143,0.7942857142857143,0.88,0.8228571428571428,0.8514285714285714,0.9257142857142857,0.8628571428571429,0.8057142857142857,0.88,0.9085714285714286,0.8914285714285715,0.9085714285714286,0.8457142857142858,0.8971428571428571,0.8571428571428571
Beef,0.8333333333333334,0.8,0.7333333333333333,0.6666666666666666,0.9,0.6333333333333333,0.8333333333333334,0.7,0.8333333333333334,0.8,0.7333333333333333,0.7333333333333333,0.8666666666666667,0.6333333333333333,0.8666666666666667,0.7333333333333333,0.7333333333333333,0.7,0.5666666666666667,0.8,0.7,0.8,0.8333333333333334,0.7666666666666667,0.7666666666666667,0.6,0.8,0.9,0.7,0.7
BeetleFly,0.9,0.85,0.8,0.95,0.85,0.9,1.0,0.85,0.8,0.85,1.0,0.95,0.8,0.8,0.75,0.95,0.9,0.9,0.95,0.85,0.85,1.0,0.85,0.95,0.85,1.0,0.85,0.8,0.85,1.0
BirdChicken,0.9,0.9,0.8,0.85,0.8,1.0,0.9,0.85,0.85,0.8,0.85,0.85,0.95,0.9,0.85,1.0,0.85,0.95,0.9,1.0,0.8,1.0,0.9,1.0,0.8,0.95,0.9,0.8,0.85,0.85
BME,1.0,1.0,1.0,1.0,1.0,1.0,0.98,0.9933333333333333,1.0,1.0,1.0,1.0,1.0,1.0,0.9933333333333333,1.0,0.9933333333333333,1.0,1.0,1.0,1.0,0.9933333333333333,1.0,1.0,1.0,1.0,0.9933333333333333,0.9933333333333333,0.9933333333333333,0.9933333333333333
Car,0.9166666666666666,0.9,0.9333333333333333,0.9333333333333333,0.8666666666666667,0.9166666666666666,0.8666666666666667,0.95,0.8833333333333333,0.9333333333333333,0.9,0.9333333333333333,0.9166666666666666,0.95,0.9166666666666666,0.9,0.9,0.85,0.9,0.95,0.9,0.9166666666666666,0.9666666666666667,0.9166666666666666,0.9333333333333333,0.9166666666666666,0.9333333333333333,0.95,0.9,0.9166666666666666
CBF,1.0,0.9988888888888889,0.9866666666666667,1.0,1.0,0.99,1.0,1.0,1.0,1.0,0.9922222222222222,0.9988888888888889,0.9988888888888889,1.0,0.9988888888888889,1.0,0.9955555555555555,0.9955555555555555,0.9966666666666667,0.9977777777777778,0.9666666666666667,0.9988888888888889,1.0,1.0,1.0,0.9988888888888889,1.0,0.9977777777777778,0.9666666666666667,1.0
Chinatown,0.9797101449275363,0.9855072463768116,0.9652173913043478,0.9623188405797102,0.9652173913043478,0.9768115942028985,0.9797101449275363,0.9565217391304348,0.9710144927536232,0.9797101449275363,0.9797101449275363,0.9623188405797102,0.9681159420289855,0.9768115942028985,0.9681159420289855,0.9420289855072463,0.9710144927536232,0.9507246376811594,0.9797101449275363,0.9739130434782609,0.9565217391304348,0.9565217391304348,0.9507246376811594,0.9768115942028985,0.9652173913043478,0.9623188405797102,0.9652173913043478,0.9681159420289855,0.9623188405797102,0.9768115942028985
ChlorineConcentration,0.78828125,0.8091145833333333,0.8138020833333334,0.7859375,0.8026041666666667,0.79140625,0.7848958333333333,0.79375,0.75,0.771875,0.8106770833333333,0.76015625,0.8088541666666667,0.7953125,0.8020833333333334,0.7755208333333333,0.7182291666666667,0.7864583333333334,0.7817708333333333,0.7466145833333333,0.7955729166666666,0.7671875,0.8020833333333334,0.7794270833333333,0.7515625,0.76640625,0.7479166666666667,0.7859375,0.77109375,0.7640625
CinCECGTorso,0.8391304347826087,0.8260869565217391,0.8623188405797102,0.9,0.8956521739130435,0.8050724637681159,0.808695652173913,0.8927536231884058,0.8601449275362318,0.868840579710145,0.8804347826086957,0.8753623188405797,0.8833333333333333,0.8956521739130435,0.8268115942028985,0.881159420289855,0.8463768115942029,0.9289855072463769,0.8739130434782608,0.9050724637681159,0.8333333333333334,0.8760869565217392,0.7942028985507247,0.8833333333333333,0.8289855072463768,0.8789855072463768,0.8913043478260869,0.9028985507246376,0.8528985507246377,0.8717391304347826
Coffee,1.0,1.0,1.0,1.0,1.0,1.0,1.0,1.0,1.0,1.0,1.0,1.0,1.0,1.0,1.0,1.0,1.0,1.0,1.0,1.0,1.0,1.0,1.0,1.0,1.0,1.0,1.0,1.0,1.0,1.0
Computers,0.764,0.832,0.82,0.84,0.828,0.848,0.876,0.824,0.852,0.848,0.848,0.872,0.832,0.852,0.852,0.824,0.824,0.86,0.84,0.832,0.872,0.892,0.832,0.84,0.836,0.844,0.84,0.868,0.82,0.856
CricketX,0.8076923076923077,0.8435897435897436,0.8256410256410256,0.8179487179487179,0.8384615384615385,0.8128205128205128,0.8102564102564103,0.8282051282051283,0.8564102564102564,0.8256410256410256,0.841025641025641,0.8538461538461538,0.8615384615384616,0.8358974358974359,0.8358974358974359,0.8564102564102564,0.8564102564102564,0.841025641025641,0.8,0.8641025641025641,0.8076923076923077,0.8205128205128205,0.8384615384615385,0.8461538461538461,0.8102564102564103,0.8358974358974359,0.8384615384615385,0.8384615384615385,0.8358974358974359,0.823076923076923
CricketY,0.8435897435897436,0.8128205128205128,0.8205128205128205,0.823076923076923,0.823076923076923,0.8487179487179487,0.823076923076923,0.8461538461538461,0.8384615384615385,0.8461538461538461,0.8358974358974359,0.8641025641025641,0.8358974358974359,0.8461538461538461,0.8692307692307693,0.7948717948717948,0.8692307692307693,0.8615384615384616,0.8461538461538461,0.8358974358974359,0.8461538461538461,0.8564102564102564,0.8666666666666667,0.841025641025641,0.8435897435897436,0.8358974358974359,0.8358974358974359,0.8384615384615385,0.8564102564102564,0.8384615384615385
CricketZ,0.8615384615384616,0.8282051282051283,0.8743589743589744,0.8512820512820513,0.8692307692307693,0.8564102564102564,0.8846153846153846,0.8589743589743589,0.8615384615384616,0.8384615384615385,0.8384615384615385,0.8487179487179487,0.8282051282051283,0.8717948717948718,0.8435897435897436,0.8333333333333334,0.8384615384615385,0.8589743589743589,0.8538461538461538,0.8743589743589744,0.8666666666666667,0.8435897435897436,0.8538461538461538,0.8384615384615385,0.8538461538461538,0.8589743589743589,0.8743589743589744,0.8282051282051283,0.8205128205128205,0.8564102564102564
Crop,0.7448809523809524,0.7426190476190476,0.7451785714285715,0.7451785714285715,0.7458333333333333,0.7389285714285714,0.7411904761904762,0.746547619047619,0.7445833333333334,0.7463690476190477,0.7476190476190476,0.7460714285714286,0.7451190476190476,0.7470238095238095,0.744702380952381,0.7449404761904762,0.7461309523809524,0.7421428571428571,0.7458333333333333,0.7491666666666666,0.7410119047619048,0.7420833333333333,0.745297619047619,0.7432738095238095,0.747202380952381,0.7507142857142857,0.7478571428571429,0.7391666666666666,0.7441666666666666,0.7466666666666667
DiatomSizeReduction,0.9738562091503268,0.9738562091503268,0.8921568627450981,0.9084967320261438,0.9836601307189542,0.9901960784313726,0.9640522875816994,0.9705882352941176,0.9836601307189542,0.9836601307189542,0.8888888888888888,0.9705882352941176,0.9836601307189542,0.9509803921568627,0.954248366013072,0.8986928104575164,0.9444444444444444,0.9771241830065359,0.9901960784313726,0.8986928104575164,0.9869281045751634,0.9836601307189542,0.9705882352941176,0.9836601307189542,0.8921568627450981,0.9901960784313726,0.9477124183006536,0.9803921568627451,0.9738562091503268,0.9869281045751634
DistalPhalanxOutlineAgeGroup,0.7553956834532374,0.8345323741007195,0.8129496402877698,0.8776978417266187,0.7553956834532374,0.762589928057554,0.8561151079136691,0.8129496402877698,0.7697841726618705,0.7841726618705036,0.7985611510791367,0.841726618705036,0.8489208633093526,0.8057553956834532,0.841726618705036,0.841726618705036,0.8057553956834532,0.8345323741007195,0.8057553956834532,0.8129496402877698,0.8129496402877698,0.8273381294964028,0.7985611510791367,0.8273381294964028,0.8057553956834532,0.8345323741007195,0.7985611510791367,0.8633093525179856,0.8489208633093526,0.8273381294964028
DistalPhalanxOutlineCorrect,0.7608695652173914,0.8079710144927537,0.8514492753623188,0.8079710144927537,0.8115942028985508,0.8623188405797102,0.8260869565217391,0.8043478260869565,0.822463768115942,0.8333333333333334,0.8297101449275363,0.8333333333333334,0.855072463768116,0.8514492753623188,0.8442028985507246,0.8369565217391305,0.8333333333333334,0.7898550724637681,0.8188405797101449,0.8260869565217391,0.8297101449275363,0.8260869565217391,0.7934782608695652,0.822463768115942,0.8442028985507246,0.8297101449275363,0.782608695652174,0.8115942028985508,0.8188405797101449,0.8297101449275363
DistalPhalanxTW,0.7194244604316546,0.6906474820143885,0.7122302158273381,0.7338129496402878,0.7338129496402878,0.6834532374100719,0.6834532374100719,0.7194244604316546,0.7122302158273381,0.7122302158273381,0.6906474820143885,0.7194244604316546,0.6187050359712231,0.6690647482014388,0.7122302158273381,0.7050359712230215,0.7122302158273381,0.6906474820143885,0.7194244604316546,0.6762589928057554,0.7194244604316546,0.6834532374100719,0.6762589928057554,0.7266187050359713,0.6906474820143885,0.6834532374100719,0.7266187050359713,0.7050359712230215,0.6690647482014388,0.7122302158273381
Earthquakes,0.7482014388489209,0.7482014388489209,0.7482014388489209,0.7482014388489209,0.7482014388489209,0.7482014388489209,0.7482014388489209,0.7482014388489209,0.7482014388489209,0.7482014388489209,0.7482014388489209,0.7482014388489209,0.7482014388489209,0.7482014388489209,0.7482014388489209,0.7482014388489209,0.7482014388489209,0.7482014388489209,0.7482014388489209,0.7482014388489209,0.7482014388489209,0.7482014388489209,0.7482014388489209,0.7482014388489209,0.7482014388489209,0.7482014388489209,0.7482014388489209,0.7482014388489209,0.7482014388489209,0.7482014388489209
ECG200,0.9,0.91,0.91,0.91,0.91,0.93,0.85,0.88,0.93,0.91,0.92,0.85,0.9,0.88,0.92,0.89,0.87,0.91,0.89,0.89,0.87,0.87,0.86,0.94,0.91,0.9,0.91,0.94,0.88,0.92
ECG5000,0.9462222222222222,0.9462222222222222,0.9484444444444444,0.95,0.9455555555555556,0.9495555555555556,0.9435555555555556,0.9428888888888889,0.9488888888888889,0.9462222222222222,0.9468888888888889,0.9442222222222222,0.9511111111111111,0.9488888888888889,0.948,0.9486666666666667,0.9462222222222222,0.95,0.9408888888888889,0.9506666666666667,0.9506666666666667,0.9484444444444444,0.9437777777777778,0.9482222222222222,0.9475555555555556,0.9475555555555556,0.9446666666666667,0.946,0.9468888888888889,0.9471111111111111
ECGFiveDays,1.0,1.0,0.9976771196283392,0.9883855981416957,0.991869918699187,0.9965156794425087,0.9976771196283392,1.0,1.0,1.0,1.0,1.0,0.9488966318234611,0.983739837398374,0.9988385598141696,1.0,1.0,0.9976771196283392,1.0,0.9976771196283392,1.0,0.9953542392566783,1.0,1.0,1.0,0.9988385598141696,0.9988385598141696,0.9976771196283392,1.0,0.9965156794425087
ElectricDevices,0.7322007521722215,0.8943068343924264,0.891583452211127,0.894047464660874,0.8930099857346647,0.8917131370769031,0.8961224225132927,0.8930099857346647,0.8913240824795746,0.8928803008688886,0.9020879263389963,0.8937880949293218,0.8961224225132927,0.8969005317079497,0.8944365192582026,0.8976786409026066,0.8989754895603683,0.8959927376475165,0.8961224225132927,0.8957333679159643,0.891583452211127,0.8952146284528596,0.8959927376475165,0.8972895863052782,0.8974192711710544,0.8966411619763973,0.8943068343924264,0.9002723382181299,0.9011801322785631,0.8992348592919206
EOGHorizontalSignal,0.643646408839779,0.8011049723756906,0.8066298342541437,0.8204419889502762,0.8176795580110497,0.7983425414364641,0.8176795580110497,0.7734806629834254,0.8149171270718232,0.850828729281768,0.8093922651933702,0.8121546961325967,0.8149171270718232,0.8066298342541437,0.8314917127071824,0.8480662983425414,0.8093922651933702,0.8038674033149171,0.8232044198895028,0.8287292817679558,0.8259668508287292,0.8176795580110497,0.7928176795580111,0.8232044198895028,0.8204419889502762,0.8149171270718232,0.8038674033149171,0.8066298342541437,0.7928176795580111,0.7928176795580111
EOGVerticalSignal,0.5524861878453039,0.7679558011049724,0.7983425414364641,0.7707182320441989,0.7928176795580111,0.8011049723756906,0.8066298342541437,0.7734806629834254,0.7790055248618785,0.7734806629834254,0.8011049723756906,0.8149171270718232,0.7955801104972375,0.7983425414364641,0.7928176795580111,0.7817679558011049,0.7707182320441989,0.7762430939226519,0.7955801104972375,0.787292817679558,0.7624309392265194,0.8176795580110497,0.7790055248618785,0.7817679558011049,0.7928176795580111,0.7762430939226519,0.7762430939226519,0.8011049723756906,0.7762430939226519,0.7928176795580111
EthanolLevel,0.584,0.608,0.646,0.634,0.628,0.616,0.612,0.612,0.606,0.608,0.622,0.64,0.628,0.624,0.624,0.622,0.598,0.634,0.618,0.606,0.586,0.602,0.626,0.646,0.632,0.646,0.62,0.646,0.65,0.586
FaceAll,0.9467455621301775,0.9911242603550295,0.9899408284023669,0.9899408284023669,0.9905325443786982,0.98698224852071,0.9875739644970414,0.9857988165680474,0.9905325443786982,0.9863905325443787,0.9923076923076923,0.9923076923076923,0.9899408284023669,0.9905325443786982,0.9893491124260355,0.9893491124260355,0.9881656804733728,0.9875739644970414,0.9893491124260355,0.9887573964497042,0.9899408284023669,0.9846153846153847,0.9875739644970414,0.9881656804733728,0.993491124260355,0.9905325443786982,0.98698224852071,0.9911242603550295,0.9887573964497042,0.9887573964497042
FaceFour,0.9772727272727273,0.9772727272727273,0.9772727272727273,0.8409090909090909,0.9545454545454546,0.8977272727272727,0.8863636363636364,0.9545454545454546,0.8977272727272727,0.8977272727272727,0.9659090909090909,0.9886363636363636,0.9090909090909091,0.8977272727272727,0.9772727272727273,0.9659090909090909,0.8977272727272727,0.9318181818181818,0.8522727272727273,1.0,0.9090909090909091,0.9090909090909091,0.9545454545454546,0.9659090909090909,0.9545454545454546,0.9545454545454546,0.9431818181818182,0.8977272727272727,0.9318181818181818,0.8977272727272727
FacesUCR,0.9619512195121951,0.964390243902439,0.9726829268292683,0.9668292682926829,0.9668292682926829,0.9726829268292683,0.9795121951219512,0.9682926829268292,0.9814634146341463,0.9712195121951219,0.9814634146341463,0.9721951219512195,0.9780487804878049,0.968780487804878,0.9648780487804878,0.9697560975609756,0.9712195121951219,0.9570731707317073,0.9834146341463414,0.9760975609756097,0.9717073170731707,0.9717073170731707,0.9707317073170731,0.9741463414634146,0.968780487804878,0.968780487804878,0.9760975609756097,0.9780487804878049,0.98,0.9692682926829268
FiftyWords,0.8219780219780219,0.8131868131868132,0.8373626373626374,0.8065934065934066,0.8131868131868132,0.7978021978021979,0.8175824175824176,0.8395604395604396,0.8263736263736263,0.8197802197802198,0.8197802197802198,0.832967032967033,0.8065934065934066,0.8395604395604396,0.8087912087912088,0.8285714285714286,0.8219780219780219,0.8043956043956044,0.8241758241758241,0.8153846153846154,0.8175824175824176,0.8241758241758241,0.810989010989011,0.8351648351648352,0.8307692307692308,0.8263736263736263,0.8,0.8549450549450549,0.8307692307692308,0.8263736263736263
Fish,0.9771428571428571,0.9828571428571429,0.9942857142857143,0.9885714285714285,0.9771428571428571,0.9828571428571429,0.9714285714285714,0.9714285714285714,0.9714285714285714,0.9828571428571429,0.9657142857142857,0.9714285714285714,0.9485714285714286,0.9885714285714285,0.9828571428571429,0.9771428571428571,0.9657142857142857,0.9771428571428571,0.9771428571428571,0.9714285714285714,0.9714285714285714,0.9771428571428571,0.9771428571428571,0.9771428571428571,0.9771428571428571,0.9828571428571429,0.9885714285714285,0.9828571428571429,0.9885714285714285,0.9657142857142857
FordA,0.9462121212121212,0.9363636363636364,0.9378787878787879,0.943939393939394,0.9431818181818182,0.946969696969697,0.9325757575757576,0.9424242424242424,0.9386363636363636,0.946969696969697,0.9477272727272728,0.9462121212121212,0.943939393939394,0.9348484848484848,0.9424242424242424,0.9484848484848485,0.9409090909090909,0.9446969696969697,0.9446969696969697,0.9477272727272728,0.9454545454545454,0.9515151515151515,0.9462121212121212,0.9409090909090909,0.9409090909090909,0.9431818181818182,0.95,0.9477272727272728,0.9454545454545454,0.9462121212121212
FordB,0.8037037037037037,0.9148148148148149,0.9271604938271605,0.9345679012345679,0.9197530864197531,0.9234567901234568,0.928395061728395,0.9320987654320988,0.9148148148148149,0.9259259259259259,0.9234567901234568,0.9382716049382716,0.9135802469135802,0.9148148148148149,0.9259259259259259,0.9185185185185185,0.9246913580246914,0.9160493827160494,0.9271604938271605,0.9296296296296296,0.9148148148148149,0.9271604938271605,0.9222222222222223,0.9271604938271605,0.9333333333333333,0.917283950617284,0.917283950617284,0.9234567901234568,0.9271604938271605,0.9209876543209876
FreezerRegularTrain,0.9971929824561403,0.9870175438596491,0.9964912280701754,0.9985964912280701,0.9926315789473684,0.9954385964912281,0.9968421052631579,0.9982456140350877,0.9908771929824561,0.9975438596491228,0.9985964912280701,0.9975438596491228,0.9912280701754386,0.9978947368421053,0.9919298245614036,0.996140350877193,0.9957894736842106,0.9964912280701754,0.9940350877192983,0.9936842105263158,0.9982456140350877,0.9940350877192983,0.9957894736842106,0.9978947368421053,0.9964912280701754,0.9978947368421053,0.9856140350877193,0.9971929824561403,0.9968421052631579,0.9975438596491228
FreezerSmallTrain,0.9501754385964912,0.987719298245614,0.9912280701754386,0.9901754385964913,0.991578947368421,0.991578947368421,0.9943859649122807,0.987719298245614,0.9971929824561403,0.9929824561403509,0.9940350877192983,0.9852631578947368,0.9929824561403509,0.996140350877193,0.9926315789473684,0.9912280701754386,0.9964912280701754,0.9968421052631579,0.9964912280701754,0.9705263157894737,0.987719298245614,0.9957894736842106,0.988421052631579,0.9971929824561403,0.9936842105263158,0.9912280701754386,0.9887719298245614,0.991578947368421,0.9950877192982456,0.9891228070175438
GunPoint,1.0,1.0,0.9933333333333333,1.0,0.9733333333333334,0.98,0.9866666666666667,1.0,1.0,1.0,1.0,1.0,1.0,0.9933333333333333,1.0,0.9933333333333333,0.9933333333333333,1.0,0.9866666666666667,1.0,0.9733333333333334,1.0,0.9933333333333333,0.9933333333333333,1.0,1.0,0.9666666666666667,0.9933333333333333,0.9933333333333333,0.98
GunPointAgeSpan,0.9968354430379747,0.9778481012658228,0.9968354430379747,0.990506329113924,0.990506329113924,0.9841772151898734,0.990506329113924,0.9936708860759493,0.9968354430379747,0.9968354430379747,0.9968354430379747,0.9873417721518988,1.0,0.9968354430379747,0.9968354430379747,0.9936708860759493,1.0,0.990506329113924,0.9936708860759493,0.9936708860759493,0.9936708860759493,0.9936708860759493,0.9968354430379747,0.9873417721518988,0.9968354430379747,1.0,0.9968354430379747,0.9936708860759493,0.9968354430379747,0.990506329113924
GunPointMaleVersusFemale,0.9968354430379747,1.0,1.0,1.0,1.0,1.0,1.0,1.0,1.0,1.0,1.0,1.0,1.0,1.0,1.0,1.0,1.0,1.0,1.0,1.0,1.0,1.0,1.0,1.0,1.0,1.0,1.0,0.9968354430379747,1.0,1.0
GunPointOldVersusYoung,0.9873015873015873,0.9873015873015873,0.9873015873015873,0.9936507936507937,0.9904761904761905,0.9904761904761905,0.9936507936507937,0.9841269841269841,0.9968253968253968,0.9873015873015873,0.9841269841269841,0.9873015873015873,0.9904761904761905,0.9968253968253968,0.9936507936507937,0.9936507936507937,0.9904761904761905,0.9873015873015873,0.9904761904761905,0.9809523809523809,0.9873015873015873,0.9841269841269841,0.9936507936507937,0.9809523809523809,0.9968253968253968,0.9904761904761905,0.9809523809523809,0.9936507936507937,0.9809523809523809,0.9904761904761905
Ham,0.7333333333333333,0.8761904761904762,0.8476190476190476,0.8285714285714286,0.8761904761904762,0.8761904761904762,0.8761904761904762,0.8952380952380953,0.8761904761904762,0.8571428571428571,0.8761904761904762,0.8,0.9047619047619048,0.9238095238095239,0.8761904761904762,0.8952380952380953,0.8571428571428571,0.8952380952380953,0.8476190476190476,0.8285714285714286,0.8571428571428571,0.8571428571428571,0.8476190476190476,0.8571428571428571,0.8571428571428571,0.8857142857142857,0.8285714285714286,0.8952380952380953,0.8761904761904762,0.7904761904761904
HandOutlines,0.9351351351351351,0.9486486486486486,0.9378378378378378,0.9486486486486486,0.9351351351351351,0.9567567567567568,0.9432432432432433,0.9648648648648649,0.9405405405405406,0.9459459459459459,0.9324324324324325,0.9378378378378378,0.927027027027027,0.9378378378378378,0.9378378378378378,0.9297297297297298,0.9486486486486486,0.927027027027027,0.9297297297297298,0.9324324324324325,0.9459459459459459,0.9513513513513514,0.9243243243243243,0.927027027027027,0.927027027027027,0.9351351351351351,0.9297297297297298,0.9135135135135135,0.9297297297297298,0.9486486486486486
Haptics,0.5194805194805194,0.5616883116883117,0.5454545454545454,0.5227272727272727,0.538961038961039,0.5324675324675324,0.4967532467532468,0.525974025974026,0.5487012987012987,0.525974025974026,0.551948051948052,0.5162337662337663,0.5292207792207793,0.5064935064935064,0.5487012987012987,0.6038961038961039,0.4967532467532468,0.5292207792207793,0.5032467532467533,0.577922077922078,0.525974025974026,0.5,0.5097402597402597,0.5584415584415584,0.5616883116883117,0.5454545454545454,0.525974025974026,0.5487012987012987,0.5097402597402597,0.512987012987013
Herring,0.671875,0.71875,0.625,0.640625,0.609375,0.609375,0.640625,0.5625,0.609375,0.640625,0.671875,0.59375,0.609375,0.609375,0.640625,0.609375,0.640625,0.640625,0.578125,0.625,0.609375,0.625,0.59375,0.53125,0.671875,0.640625,0.65625,0.59375,0.65625,0.59375
HouseTwenty,0.9663865546218487,0.9663865546218487,0.9831932773109243,0.9831932773109243,0.9663865546218487,0.957983193277311,0.9747899159663865,0.9831932773109243,0.9663865546218487,0.9411764705882353,0.957983193277311,0.9663865546218487,0.9747899159663865,0.9831932773109243,0.9915966386554622,0.9663865546218487,0.9411764705882353,0.957983193277311,0.9663865546218487,0.9411764705882353,0.9495798319327731,0.9747899159663865,0.9747899159663865,0.9495798319327731,0.9159663865546218,0.957983193277311,0.9915966386554622,0.9663865546218487,0.9747899159663865,0.9327731092436975
InlineSkate,0.4690909090909091,0.49636363636363634,0.38545454545454544,0.45636363636363636,0.5109090909090909,0.41818181818181815,0.4636363636363636,0.48727272727272725,0.5,0.4218181818181818,0.48,0.4618181818181818,0.49272727272727274,0.5,0.4781818181818182,0.49636363636363634,0.42,0.5072727272727273,0.4709090909090909,0.5072727272727273,0.4618181818181818,0.4290909090909091,0.3836363636363636,0.4381818181818182,0.44727272727272727,0.49636363636363634,0.44545454545454544,0.4018181818181818,0.5163636363636364,0.5236363636363637
InsectEPGRegularTrain,1.0,0.9919678714859438,0.9919678714859438,0.9879518072289156,0.9919678714859438,0.9879518072289156,0.9919678714859438,0.9839357429718876,0.9959839357429718,0.9919678714859438,0.9518072289156626,0.9718875502008032,0.9919678714859438,0.9959839357429718,0.9558232931726908,0.9959839357429718,0.9959839357429718,0.9959839357429718,0.9879518072289156,0.9759036144578314,0.9919678714859438,0.9598393574297188,0.9919678714859438,1.0,0.9959839357429718,0.9839357429718876,0.9839357429718876,0.9919678714859438,0.9959839357429718,0.9799196787148594
InsectEPGSmallTrain,0.9839357429718876,0.963855421686747,0.927710843373494,0.9558232931726908,0.9518072289156626,0.9397590361445783,0.9718875502008032,0.9116465863453815,0.927710843373494,0.8955823293172691,0.891566265060241,0.927710843373494,0.8875502008032129,0.8634538152610441,0.9518072289156626,0.9196787148594378,0.9678714859437751,0.9477911646586346,0.9879518072289156,0.9156626506024096,0.9236947791164659,0.9317269076305221,0.9558232931726908,0.9477911646586346,0.9236947791164659,0.927710843373494,0.9317269076305221,0.9196787148594378,0.9437751004016064,0.9317269076305221
InsectWingbeatSound,0.658080808080808,0.6651515151515152,0.651010101010101,0.6686868686868687,0.6676767676767676,0.6712121212121213,0.6530303030303031,0.648989898989899,0.6656565656565656,0.6545454545454545,0.656060606060606,0.6565656565656566,0.6696969696969697,0.6757575757575758,0.6671717171717172,0.6636363636363637,0.6398989898989899,0.6444444444444445,0.65,0.6565656565656566,0.6373737373737374,0.657070707070707,0.651010101010101,0.6530303030303031,0.6636363636363637,0.6540404040404041,0.6505050505050505,0.6621212121212121,0.6595959595959596,0.6626262626262627
ItalyPowerDemand,0.967930029154519,0.9475218658892128,0.9543245869776482,0.966958211856171,0.9650145772594753,0.9698736637512148,0.9640427599611273,0.9698736637512148,0.9407191448007775,0.9650145772594753,0.9640427599611273,0.9543245869776482,0.9659863945578231,0.9601554907677357,0.9446064139941691,0.9640427599611273,0.9552964042759962,0.9601554907677357,0.967930029154519,0.966958211856171,0.966958211856171,0.9640427599611273,0.9601554907677357,0.9601554907677357,0.9620991253644315,0.9650145772594753,0.967930029154519,0.9611273080660836,0.956268221574344,0.9659863945578231
LargeKitchenAppliances,0.904,0.9306666666666666,0.9386666666666666,0.8906666666666667,0.9173333333333333,0.896,0.936,0.944,0.9253333333333333,0.9173333333333333,0.936,0.9333333333333333,0.9386666666666666,0.9226666666666666,0.944,0.9306666666666666,0.9333333333333333,0.9173333333333333,0.9386666666666666,0.936,0.952,0.9413333333333334,0.9333333333333333,0.9333333333333333,0.9226666666666666,0.9173333333333333,0.944,0.928,0.9173333333333333,0.936
Lightning2,0.7540983606557377,0.8360655737704918,0.7377049180327869,0.7704918032786885,0.6885245901639344,0.8360655737704918,0.7049180327868853,0.819672131147541,0.7540983606557377,0.7868852459016393,0.8032786885245902,0.8524590163934426,0.7704918032786885,0.8524590163934426,0.7540983606557377,0.7704918032786885,0.8360655737704918,0.7704918032786885,0.7868852459016393,0.7049180327868853,0.7540983606557377,0.7704918032786885,0.6885245901639344,0.7868852459016393,0.8032786885245902,0.8524590163934426,0.7704918032786885,0.8032786885245902,0.6721311475409836,0.7377049180327869
Lightning7,0.8082191780821918,0.821917808219178,0.7123287671232876,0.8082191780821918,0.821917808219178,0.821917808219178,0.7808219178082192,0.7808219178082192,0.8493150684931506,0.7671232876712328,0.7808219178082192,0.821917808219178,0.7808219178082192,0.7671232876712328,0.7671232876712328,0.7397260273972602,0.821917808219178,0.8356164383561644,0.8356164383561644,0.726027397260274,0.821917808219178,0.7397260273972602,0.8904109589041096,0.821917808219178,0.7808219178082192,0.7808219178082192,0.8493150684931506,0.7671232876712328,0.8082191780821918,0.821917808219178
Mallat,0.9577825159914712,0.9539445628997868,0.9603411513859275,0.9603411513859275,0.9748400852878465,0.9552238805970149,0.9633262260127932,0.9658848614072495,0.9646055437100213,0.9599147121535181,0.9714285714285714,0.9377398720682303,0.9560767590618336,0.9518123667377398,0.9658848614072495,0.9368869936034115,0.9484008528784649,0.9501066098081024,0.9466950959488273,0.9705756929637527,0.9603411513859275,0.9513859275053305,0.9590618336886994,0.9680170575692963,0.947547974413646,0.956503198294243,0.9671641791044776,0.9390191897654584,0.9697228144989339,0.9611940298507463
Meat,0.95,1.0,0.9833333333333333,0.9666666666666667,1.0,1.0,1.0,1.0,0.9833333333333333,1.0,1.0,0.9833333333333333,1.0,0.9833333333333333,0.9833333333333333,0.9833333333333333,1.0,1.0,1.0,1.0,1.0,1.0,0.9833333333333333,0.9833333333333333,1.0,0.9833333333333333,0.9833333333333333,0.9833333333333333,0.9833333333333333,1.0
MedicalImages,0.8,0.7934210526315789,0.8289473684210527,0.8157894736842105,0.8052631578947368,0.8039473684210526,0.7934210526315789,0.7973684210526316,0.7894736842105263,0.8078947368421052,0.8197368421052632,0.8197368421052632,0.7934210526315789,0.7828947368421053,0.8144736842105263,0.7986842105263158,0.7855263157894737,0.8092105263157895,0.7907894736842105,0.8171052631578948,0.8065789473684211,0.7881578947368421,0.8118421052631579,0.8105263157894737,0.8,0.8065789473684211,0.7842105263157895,0.8197368421052632,0.8131578947368421,0.8302631578947368
MiddlePhalanxOutlineAgeGroup,0.5974025974025974,0.7142857142857143,0.7857142857142857,0.7467532467532467,0.6688311688311688,0.7337662337662337,0.7337662337662337,0.7467532467532467,0.7012987012987013,0.6298701298701299,0.7077922077922078,0.7272727272727273,0.7467532467532467,0.6948051948051948,0.7597402597402597,0.7207792207792207,0.7337662337662337,0.7012987012987013,0.7272727272727273,0.7142857142857143,0.7402597402597403,0.6818181818181818,0.7207792207792207,0.6948051948051948,0.6623376623376623,0.7597402597402597,0.6688311688311688,0.7467532467532467,0.7467532467532467,0.7402597402597403
MiddlePhalanxOutlineCorrect,0.8281786941580757,0.8144329896907216,0.8487972508591065,0.852233676975945,0.8281786941580757,0.8350515463917526,0.8247422680412371,0.8178694158075601,0.8419243986254296,0.8144329896907216,0.8281786941580757,0.8487972508591065,0.8316151202749141,0.8487972508591065,0.8281786941580757,0.8075601374570447,0.852233676975945,0.8350515463917526,0.8109965635738832,0.8556701030927835,0.8281786941580757,0.8591065292096219,0.8350515463917526,0.845360824742268,0.8281786941580757,0.8109965635738832,0.8350515463917526,0.8384879725085911,0.8109965635738832,0.8384879725085911
MiddlePhalanxTW,0.5584415584415584,0.6038961038961039,0.6168831168831169,0.6363636363636364,0.5844155844155844,0.6428571428571429,0.577922077922078,0.5844155844155844,0.577922077922078,0.5909090909090909,0.564935064935065,0.577922077922078,0.6233766233766234,0.5714285714285714,0.6168831168831169,0.5584415584415584,0.5714285714285714,0.5909090909090909,0.525974025974026,0.5974025974025974,0.5844155844155844,0.6038961038961039,0.577922077922078,0.5844155844155844,0.6038961038961039,0.6168831168831169,0.6038961038961039,0.5974025974025974,0.6168831168831169,0.5844155844155844
MixedShapesRegularTrain,0.9703092783505155,0.9657731958762886,0.9624742268041238,0.9637113402061855,0.9649484536082474,0.9682474226804124,0.9579381443298969,0.9628865979381444,0.9649484536082474,0.965360824742268,0.9657731958762886,0.9550515463917526,0.9649484536082474,0.9637113402061855,0.9661855670103093,0.968659793814433,0.9661855670103093,0.9649484536082474,0.9678350515463917,0.9645360824742268,0.9698969072164948,0.9649484536082474,0.9670103092783505,0.962061855670103,0.9538144329896907,0.9694845360824742,0.9665979381443299,0.9727835051546392,0.9723711340206186,0.9665979381443299
MixedShapesSmallTrain,0.9406185567010309,0.9294845360824743,0.931958762886598,0.9336082474226804,0.9204123711340206,0.9410309278350516,0.9195876288659793,0.9439175257731959,0.9397938144329897,0.9294845360824743,0.9282474226804124,0.9397938144329897,0.9228865979381443,0.931958762886598,0.9228865979381443,0.9121649484536083,0.9241237113402062,0.9381443298969072,0.9039175257731958,0.9468041237113402,0.9315463917525774,0.9336082474226804,0.9331958762886597,0.9352577319587629,0.9410309278350516,0.928659793814433,0.9476288659793815,0.9220618556701031,0.9393814432989691,0.9311340206185567
MoteStrain,0.920926517571885,0.9129392971246006,0.9177316293929713,0.8490415335463258,0.9217252396166135,0.8314696485623003,0.9097444089456869,0.9297124600638977,0.9193290734824281,0.8937699680511182,0.9089456869009584,0.90814696485623,0.8666134185303515,0.902555910543131,0.9105431309904153,0.9273162939297125,0.8889776357827476,0.9041533546325878,0.8722044728434505,0.8945686900958466,0.9105431309904153,0.8793929712460063,0.9249201277955271,0.9193290734824281,0.9313099041533547,0.90814696485623,0.9584664536741214,0.9033546325878594,0.896964856230032,0.9464856230031949
NonInvasiveFetalECGThorax1,0.9491094147582697,0.9516539440203562,0.9480916030534351,0.9572519083969465,0.9496183206106871,0.95470737913486,0.9572519083969465,0.9577608142493639,0.9491094147582697,0.9465648854961832,0.9496183206106871,0.9491094147582697,0.9521628498727736,0.95470737913486,0.961323155216285,0.9526717557251908,0.9491094147582697,0.9541984732824428,0.9455470737913486,0.9531806615776082,0.9526717557251908,0.956234096692112,0.9506361323155216,0.9577608142493639,0.9506361323155216,0.95470737913486,0.9506361323155216,0.9506361323155216,0.9496183206106871,0.9557251908396946
NonInvasiveFetalECGThorax2,0.9653944020356234,0.9567430025445293,0.9603053435114504,0.9638676844783715,0.9648854961832061,0.9628498727735368,0.9633587786259542,0.9674300254452927,0.9597964376590331,0.95470737913486,0.9628498727735368,0.9608142493638677,0.9557251908396946,0.9618320610687023,0.9608142493638677,0.9577608142493639,0.9638676844783715,0.9623409669211196,0.961323155216285,0.9597964376590331,0.9608142493638677,0.9669211195928753,0.9567430025445293,0.9648854961832061,0.9608142493638677,0.9603053435114504,0.9587786259541985,0.9628498727735368,0.961323155216285,0.9633587786259542
OliveOil,0.9333333333333333,0.9,0.8666666666666667,0.9666666666666667,0.8666666666666667,0.8666666666666667,0.9666666666666667,0.8666666666666667,0.9,0.8666666666666667,0.8666666666666667,0.9,0.9,0.9666666666666667,0.9666666666666667,0.8666666666666667,0.9333333333333333,0.8333333333333334,0.9,0.9333333333333333,0.9333333333333333,0.8666666666666667,0.8333333333333334,0.8666666666666667,0.9333333333333333,0.8666666666666667,0.8666666666666667,0.8333333333333334,0.8666666666666667,1.0
OSULeaf,0.9380165289256198,0.9628099173553719,0.9297520661157025,0.9462809917355371,0.9297520661157025,0.9338842975206612,0.9380165289256198,0.9297520661157025,0.9256198347107438,0.9380165289256198,0.9462809917355371,0.9214876033057852,0.9462809917355371,0.9545454545454546,0.9380165289256198,0.9421487603305785,0.9338842975206612,0.9256198347107438,0.9380165289256198,0.9462809917355371,0.9462809917355371,0.9256198347107438,0.9338842975206612,0.9504132231404959,0.9669421487603306,0.9462809917355371,0.9380165289256198,0.9545454545454546,0.9586776859504132,0.9049586776859504
PhalangesOutlinesCorrect,0.8298368298368298,0.8414918414918415,0.8484848484848485,0.8554778554778555,0.8321678321678322,0.8484848484848485,0.8414918414918415,0.8426573426573427,0.8484848484848485,0.8531468531468531,0.8403263403263403,0.8181818181818182,0.8624708624708625,0.8461538461538461,0.8461538461538461,0.8508158508158508,0.8461538461538461,0.8298368298368298,0.8484848484848485,0.8473193473193473,0.8426573426573427,0.8414918414918415,0.8461538461538461,0.8344988344988346,0.8356643356643356,0.8426573426573427,0.8333333333333334,0.8508158508158508,0.8414918414918415,0.8543123543123543
Phoneme,0.27848101265822783,0.2721518987341772,0.2600210970464135,0.2389240506329114,0.26529535864978904,0.2742616033755274,0.2811181434599156,0.25896624472573837,0.2610759493670886,0.27689873417721517,0.2737341772151899,0.2679324894514768,0.28164556962025317,0.29852320675105487,0.2869198312236287,0.2758438818565401,0.29430379746835444,0.27848101265822783,0.26845991561181437,0.2758438818565401,0.26054852320675104,0.2679324894514768,0.2890295358649789,0.25263713080168776,0.27742616033755274,0.28375527426160335,0.27267932489451474,0.2879746835443038,0.27742616033755274,0.27742616033755274
PigAirwayPressure,0.08653846153846154,0.22596153846153846,0.08173076923076923,0.2548076923076923,0.10096153846153846,0.24519230769230768,0.09615384615384616,0.08173076923076923,0.2403846153846154,0.09134615384615384,0.07211538461538461,0.27884615384615385,0.07211538461538461,0.10576923076923077,0.2644230769230769,0.0625,0.08653846153846154,0.10576923076923077,0.2932692307692308,0.07211538461538461,0.07692307692307693,0.09615384615384616,0.2548076923076923,0.08173076923076923,0.22115384615384615,0.39903846153846156,0.08173076923076923,0.28846153846153844,0.3701923076923077,0.08173076923076923
PigArtPressure,0.9567307692307693,0.8990384615384616,0.9038461538461539,0.9134615384615384,0.8846153846153846,0.9230769230769231,0.9038461538461539,0.9038461538461539,0.9086538461538461,0.8894230769230769,0.8605769230769231,0.875,0.9230769230769231,0.9038461538461539,0.9230769230769231,0.9182692307692307,0.9182692307692307,0.9471153846153846,0.9038461538461539,0.9278846153846154,0.8990384615384616,0.8798076923076923,0.9086538461538461,0.8894230769230769,0.9375,0.9134615384615384,0.9278846153846154,0.8701923076923077,0.9230769230769231,0.9278846153846154
PigCVP,0.9326923076923077,0.8798076923076923,0.8846153846153846,0.8798076923076923,0.8846153846153846,0.8461538461538461,0.8509615384615384,0.9182692307692307,0.8798076923076923,0.9182692307692307,0.9038461538461539,0.8413461538461539,0.8942307692307693,0.8798076923076923,0.8557692307692307,0.8701923076923077,0.8653846153846154,0.9326923076923077,0.8701923076923077,0.8413461538461539,0.8990384615384616,0.8894230769230769,0.9134615384615384,0.8990384615384616,0.8798076923076923,0.8269230769230769,0.8605769230769231,0.8605769230769231,0.8894230769230769,0.8846153846153846
Plane,1.0,1.0,1.0,1.0,1.0,1.0,1.0,1.0,1.0,1.0,1.0,1.0,1.0,1.0,1.0,1.0,1.0,1.0,1.0,1.0,1.0,1.0,1.0,1.0,1.0,1.0,1.0,1.0,1.0,1.0
PowerCons,0.9333333333333333,0.9388888888888889,0.9555555555555556,0.9333333333333333,0.9277777777777778,0.95,0.9388888888888889,0.9277777777777778,0.9722222222222222,0.9333333333333333,0.9611111111111111,0.9555555555555556,0.9388888888888889,0.9666666666666667,0.95,0.9888888888888889,0.9611111111111111,0.9555555555555556,0.9555555555555556,0.9833333333333333,0.9444444444444444,0.9666666666666667,0.9444444444444444,0.95,0.9777777777777777,0.9611111111111111,0.9666666666666667,0.9777777777777777,0.9555555555555556,0.9722222222222222
ProximalPhalanxOutlineAgeGroup,0.8536585365853658,0.8585365853658536,0.8097560975609757,0.848780487804878,0.8585365853658536,0.8536585365853658,0.8731707317073171,0.8292682926829268,0.8439024390243902,0.824390243902439,0.8829268292682927,0.8731707317073171,0.8585365853658536,0.8390243902439024,0.8585365853658536,0.8341463414634146,0.8731707317073171,0.8146341463414634,0.8585365853658536,0.8780487804878049,0.8634146341463415,0.848780487804878,0.8780487804878049,0.8292682926829268,0.8682926829268293,0.8682926829268293,0.8097560975609757,0.8585365853658536,0.8390243902439024,0.8536585365853658
ProximalPhalanxOutlineCorrect,0.8934707903780069,0.8900343642611683,0.9003436426116839,0.8934707903780069,0.9037800687285223,0.9106529209621993,0.8591065292096219,0.9072164948453608,0.8934707903780069,0.9037800687285223,0.8969072164948454,0.9106529209621993,0.8934707903780069,0.8934707903780069,0.8865979381443299,0.9003436426116839,0.8900343642611683,0.9106529209621993,0.9072164948453608,0.8831615120274914,0.9037800687285223,0.9003436426116839,0.8934707903780069,0.8831615120274914,0.9072164948453608,0.8797250859106529,0.9106529209621993,0.8934707903780069,0.9106529209621993,0.872852233676976
ProximalPhalanxTW,0.8146341463414634,0.848780487804878,0.7902439024390244,0.8292682926829268,0.7707317073170732,0.8,0.8,0.8292682926829268,0.7902439024390244,0.8195121951219512,0.8,0.7951219512195122,0.8195121951219512,0.7902439024390244,0.8097560975609757,0.8146341463414634,0.8195121951219512,0.7951219512195122,0.8097560975609757,0.824390243902439,0.8097560975609757,0.8048780487804879,0.7902439024390244,0.7707317073170732,0.7609756097560976,0.7951219512195122,0.7902439024390244,0.7804878048780488,0.8195121951219512,0.8146341463414634
RefrigerationDevices,0.536,0.7146666666666667,0.7546666666666667,0.7306666666666667,0.672,0.688,0.728,0.7173333333333334,0.72,0.7146666666666667,0.736,0.7333333333333333,0.6693333333333333,0.7226666666666667,0.7333333333333333,0.7573333333333333,0.752,0.7066666666666667,0.7306666666666667,0.696,0.7573333333333333,0.7226666666666667,0.696,0.7146666666666667,0.7386666666666667,0.7466666666666667,0.72,0.7386666666666667,0.696,0.752
Rock,0.9,0.84,0.74,0.66,0.78,0.84,0.88,0.76,0.84,0.72,0.86,0.74,0.86,0.8,0.86,0.78,0.86,0.68,0.84,0.88,0.74,0.8,0.9,0.78,0.84,0.84,0.64,0.88,0.72,0.86
ScreenType,0.49333333333333335,0.632,0.5893333333333334,0.656,0.5946666666666667,0.5893333333333334,0.5653333333333334,0.5866666666666667,0.608,0.6373333333333333,0.608,0.6453333333333333,0.6,0.6186666666666667,0.6186666666666667,0.5973333333333334,0.6186666666666667,0.576,0.5626666666666666,0.5866666666666667,0.5733333333333334,0.56,0.6373333333333333,0.5706666666666667,0.5946666666666667,0.5866666666666667,0.576,0.6213333333333333,0.616,0.584
SemgHandGenderCh2,0.925,0.91,0.925,0.9333333333333333,0.9266666666666666,0.9316666666666666,0.92,0.9316666666666666,0.9366666666666666,0.9366666666666666,0.9166666666666666,0.945,0.9233333333333333,0.945,0.9233333333333333,0.9216666666666666,0.9233333333333333,0.9133333333333333,0.9233333333333333,0.9383333333333334,0.9266666666666666,0.9216666666666666,0.915,0.9316666666666666,0.9133333333333333,0.915,0.9266666666666666,0.9216666666666666,0.915,0.9083333333333333
SemgHandMovementCh2,0.6288888888888889,0.6711111111111111,0.6533333333333333,0.6422222222222222,0.6533333333333333,0.6355555555555555,0.6311111111111111,0.6288888888888889,0.6444444444444445,0.6088888888888889,0.6222222222222222,0.6533333333333333,0.6444444444444445,0.62,0.6355555555555555,0.6688888888888889,0.6466666666666666,0.6733333333333333,0.5977777777777777,0.6711111111111111,0.6377777777777778,0.66,0.6288888888888889,0.6555555555555556,0.6577777777777778,0.6066666666666667,0.6044444444444445,0.6311111111111111,0.68,0.6244444444444445
SemgHandSubjectCh2,0.8777777777777778,0.9088888888888889,0.9244444444444444,0.92,0.9022222222222223,0.92,0.9266666666666666,0.9222222222222223,0.9333333333333333,0.9155555555555556,0.9444444444444444,0.92,0.9222222222222223,0.8977777777777778,0.9066666666666666,0.9244444444444444,0.9088888888888889,0.9,0.9111111111111111,0.92,0.9155555555555556,0.9044444444444445,0.9355555555555556,0.9244444444444444,0.9133333333333333,0.9044444444444445,0.9022222222222223,0.9088888888888889,0.9088888888888889,0.9022222222222223
ShapeletSim,1.0,1.0,1.0,1.0,1.0,1.0,1.0,1.0,1.0,1.0,1.0,1.0,1.0,1.0,0.9944444444444445,0.9833333333333333,0.9888888888888889,1.0,1.0,0.9944444444444445,1.0,1.0,0.9888888888888889,1.0,0.9888888888888889,1.0,1.0,1.0,1.0,0.9944444444444445
ShapesAll,0.91,0.91,0.92,0.9316666666666666,0.9383333333333334,0.9383333333333334,0.8933333333333333,0.9316666666666666,0.9266666666666666,0.915,0.9233333333333333,0.9116666666666666,0.9433333333333334,0.9266666666666666,0.9216666666666666,0.94,0.9433333333333334,0.9083333333333333,0.9366666666666666,0.9266666666666666,0.9216666666666666,0.9183333333333333,0.9166666666666666,0.9166666666666666,0.93,0.9333333333333333,0.92,0.9266666666666666,0.9133333333333333,0.9133333333333333
SmallKitchenAppliances,0.8186666666666667,0.792,0.84,0.8186666666666667,0.8026666666666666,0.8426666666666667,0.8213333333333334,0.8186666666666667,0.816,0.8346666666666667,0.84,0.848,0.8106666666666666,0.792,0.8293333333333334,0.8,0.7946666666666666,0.8026666666666666,0.8133333333333334,0.7973333333333333,0.7786666666666666,0.8266666666666667,0.832,0.824,0.8426666666666667,0.8133333333333334,0.8133333333333334,0.8266666666666667,0.8026666666666666,0.8453333333333334
SmoothSubspace,0.98,0.9733333333333334,0.9666666666666667,0.9733333333333334,0.9866666666666667,0.9666666666666667,0.9733333333333334,0.96,0.98,0.96,0.9866666666666667,0.98,0.9666666666666667,0.98,0.98,0.9666666666666667,0.9733333333333334,0.98,0.98,0.9933333333333333,0.9733333333333334,0.9933333333333333,0.9666666666666667,0.9333333333333333,0.9866666666666667,0.9733333333333334,0.9866666666666667,0.98,0.9733333333333334,0.9733333333333334
SonyAIBORobotSurface1,0.9217970049916805,0.9168053244592346,0.961730449251248,0.9168053244592346,0.978369384359401,0.9550748752079867,0.9717138103161398,0.9600665557404326,0.961730449251248,0.9550748752079867,0.9434276206322796,0.9633943427620633,0.9584026622296173,0.9717138103161398,0.9700499168053245,0.9800332778702163,0.9800332778702163,0.956738768718802,0.9517470881863561,0.9317803660565723,0.9700499168053245,0.9683860232945092,0.9683860232945092,0.9683860232945092,0.9467554076539102,0.9667221297836939,0.9717138103161398,0.9633943427620633,0.9600665557404326,0.9467554076539102
SonyAIBORobotSurface2,0.9097586568730325,0.9233997901364114,0.9171038824763903,0.9422875131164743,0.9391395592864638,0.9454354669464848,0.9171038824763903,0.9464847848898216,0.9412381951731374,0.9517313746065058,0.950682056663169,0.938090241343127,0.9517313746065058,0.938090241343127,0.9202518363064008,0.9590766002098636,0.9538300104931794,0.9307450157397692,0.9045120671563484,0.9275970619097587,0.8646379853095488,0.9727177334732424,0.9349422875131165,0.912906610703043,0.9653725078698846,0.9559286463798531,0.9517313746065058,0.9286463798530955,0.9150052465897167,0.950682056663169
StarLightCurves,0.9808159300631375,0.9796017484215639,0.9821515298688683,0.9804516755706654,0.9815444390480816,0.9804516755706654,0.9809373482272948,0.9815444390480816,0.980330257406508,0.981665857212239,0.9814230208839242,0.9810587663914522,0.9826372025254978,0.9811801845556095,0.9837299660029141,0.9808159300631375,0.98069451189898,0.9815444390480816,0.9830014570179699,0.9805730937348227,0.98069451189898,0.9822729480330258,0.9819086935405537,0.9798445847498786,0.980330257406508,0.9805730937348227,0.982030111704711,0.9802088392423507,0.9819086935405537,0.9817872753763963
Strawberry,0.9783783783783784,0.9756756756756757,0.981081081081081,0.981081081081081,0.972972972972973,0.9864864864864865,0.9837837837837838,0.9621621621621622,0.9891891891891892,0.972972972972973,0.9783783783783784,0.9567567567567568,0.9837837837837838,0.9783783783783784,0.9783783783783784,0.9864864864864865,0.9702702702702702,0.981081081081081,0.9837837837837838,0.9891891891891892,0.9702702702702702,0.981081081081081,0.9702702702702702,0.9945945945945946,0.9837837837837838,0.9756756756756757,0.9837837837837838,0.9837837837837838,0.9837837837837838,0.9864864864864865
SwedishLeaf,0.9632,0.9648,0.9648,0.9552,0.9648,0.9696,0.96,0.9648,0.96,0.9664,0.9488,0.9728,0.968,0.9712,0.9552,0.9552,0.9664,0.9488,0.9472,0.9648,0.9424,0.96,0.96,0.9536,0.9648,0.9632,0.96,0.9488,0.9536,0.9552
Symbols,0.9738693467336683,0.9819095477386934,0.9728643216080402,0.9678391959798995,0.9778894472361809,0.9537688442211055,0.9316582914572864,0.9708542713567839,0.978894472361809,0.9587939698492463,0.9698492462311558,0.9778894472361809,0.9728643216080402,0.9296482412060302,0.9628140703517588,0.9698492462311558,0.9517587939698492,0.964824120603015,0.9768844221105528,0.9738693467336683,0.9628140703517588,0.9748743718592965,0.9477386934673366,0.9738693467336683,0.9728643216080402,0.9758793969849247,0.9768844221105528,0.9728643216080402,0.9718592964824121,0.9798994974874372
SyntheticControl,1.0,0.99,0.9966666666666667,1.0,0.9966666666666667,1.0,1.0,1.0,0.9966666666666667,0.9966666666666667,0.9966666666666667,0.9966666666666667,0.9966666666666667,1.0,0.9966666666666667,1.0,0.9966666666666667,0.99,0.9966666666666667,0.9966666666666667,1.0,0.9966666666666667,0.9966666666666667,0.9933333333333333,0.9966666666666667,1.0,1.0,0.9966666666666667,0.9966666666666667,1.0
ToeSegmentation1,0.9649122807017544,0.9210526315789473,0.956140350877193,0.9429824561403509,0.9385964912280702,0.9254385964912281,0.9473684210526315,0.9342105263157895,0.9473684210526315,0.8991228070175439,0.9605263157894737,0.9517543859649122,0.9035087719298246,0.9254385964912281,0.8991228070175439,0.9298245614035088,0.9078947368421053,0.9210526315789473,0.9385964912280702,0.9166666666666666,0.9122807017543859,0.9298245614035088,0.9078947368421053,0.9166666666666666,0.9298245614035088,0.9298245614035088,0.9473684210526315,0.9385964912280702,0.9517543859649122,0.9210526315789473
ToeSegmentation2,0.9230769230769231,0.9769230769230769,0.9153846153846154,0.9384615384615385,0.9615384615384616,0.9230769230769231,0.9,0.9384615384615385,0.9153846153846154,0.9,0.9230769230769231,0.9384615384615385,0.9461538461538461,0.9615384615384616,0.9076923076923077,0.9384615384615385,0.9538461538461539,0.9230769230769231,0.9461538461538461,0.9384615384615385,0.9846153846153847,0.8692307692307693,0.9153846153846154,0.8384615384615385,0.9769230769230769,0.9307692307692308,0.9461538461538461,0.9538461538461539,0.9461538461538461,0.9153846153846154
Trace,1.0,1.0,1.0,1.0,1.0,1.0,1.0,1.0,1.0,1.0,1.0,1.0,1.0,1.0,1.0,1.0,1.0,1.0,1.0,1.0,1.0,1.0,1.0,1.0,1.0,1.0,1.0,1.0,1.0,1.0
TwoLeadECG,0.9991220368744512,0.9991220368744512,0.9982440737489026,1.0,0.9991220368744512,0.9982440737489026,0.9938542581211589,0.9991220368744512,0.9964881474978051,0.9991220368744512,0.9982440737489026,0.9973661106233538,0.9973661106233538,0.9991220368744512,0.9991220368744512,0.9973661106233538,0.9991220368744512,0.9991220368744512,1.0,0.9964881474978051,0.9991220368744512,0.9991220368744512,0.9991220368744512,0.9991220368744512,0.9991220368744512,0.9982440737489026,0.9982440737489026,0.9991220368744512,0.9991220368744512,0.9982440737489026
TwoPatterns,1.0,1.0,1.0,1.0,1.0,1.0,1.0,1.0,1.0,1.0,1.0,1.0,1.0,1.0,1.0,1.0,1.0,1.0,1.0,1.0,1.0,1.0,1.0,1.0,1.0,1.0,1.0,1.0,1.0,1.0
UMD,0.9930555555555556,0.9861111111111112,0.9861111111111112,0.9930555555555556,0.9930555555555556,0.9791666666666666,0.9861111111111112,0.9861111111111112,0.9791666666666666,0.9930555555555556,0.9930555555555556,0.9861111111111112,0.9861111111111112,0.9930555555555556,0.8819444444444444,0.9861111111111112,0.9930555555555556,0.9861111111111112,0.9930555555555556,0.9722222222222222,0.9930555555555556,0.9930555555555556,0.9861111111111112,1.0,0.9930555555555556,1.0,0.9722222222222222,0.9930555555555556,0.9375,0.9305555555555556
UWaveGestureLibraryAll,0.9748743718592965,0.9773869346733668,0.9793411501954216,0.9723618090452262,0.9737576772752652,0.974036850921273,0.9785036292573981,0.9734785036292574,0.974036850921273,0.97571189279732,0.9745951982132887,0.9715242881072027,0.9737576772752652,0.9762702400893356,0.9737576772752652,0.9765494137353434,0.9779452819653824,0.9785036292573981,0.9729201563372417,0.9790619765494137,0.9720826353992184,0.9759910664433278,0.9782244556113903,0.9712451144611949,0.9737576772752652,0.977107761027359,0.9779452819653824,0.9712451144611949,0.9754327191513121,0.9754327191513121
UWaveGestureLibraryX,0.8556672250139586,0.8548297040759353,0.8584589614740369,0.8509212730318257,0.8598548297040759,0.8581797878280291,0.8517587939698492,0.8512004466778336,0.8481295365717476,0.8579006141820212,0.8606923506420994,0.855108877721943,0.853713009491904,0.8657174762702401,0.8573422668900056,0.8503629257398102,0.8584589614740369,0.8542713567839196,0.8623673925181463,0.8592964824120602,0.8525963149078727,0.8623673925181463,0.8553880513679508,0.8486878838637633,0.8565047459519821,0.8634840871021775,0.8640424343941931,0.855108877721943,0.8618090452261307,0.8514796203238414
UWaveGestureLibraryY,0.7707984366275824,0.7724734785036292,0.7783361250697934,0.7646566164154104,0.7945281965382468,0.7908989391401452,0.7791736460078169,0.781965382467895,0.7814070351758794,0.7931323283082077,0.7816862088218872,0.7861529871580123,0.7878280290340591,0.77749860413177,0.7791736460078169,0.7839195979899497,0.7869905080960358,0.7886655499720826,0.7814070351758794,0.7844779452819653,0.7903405918481295,0.7833612506979342,0.7797319932998324,0.7802903405918481,0.7920156337241765,0.7766610831937465,0.7794528196538246,0.7914572864321608,0.791178112786153,0.7872696817420436
UWaveGestureLibraryZ,0.792573981016192,0.7830820770519263,0.807928531546622,0.791178112786153,0.7992741485203797,0.8026242322724735,0.798715801228364,0.803461753210497,0.7950865438302624,0.7858738135120045,0.8062534896705751,0.7920156337241765,0.7934115019542155,0.785036292573981,0.7964824120603015,0.8009491903964265,0.7998324958123953,0.8012283640424344,0.7953657174762703,0.7861529871580123,0.8040201005025126,0.798715801228364,0.7936906756002233,0.7908989391401452,0.7922948073701842,0.7922948073701842,0.7869905080960358,0.7978782802903406,0.8045784477945283,0.7962032384142937
Wafer,0.9982154445165476,0.9991888384166125,0.9993510707332901,0.9995133030499675,0.9978909798831928,0.9993510707332901,1.0,0.9974042829331603,0.9991888384166125,0.9985399091499026,0.9982154445165476,0.9991888384166125,0.9978909798831928,0.9982154445165476,0.9980532121998702,0.9967553536664504,0.9980532121998702,0.9982154445165476,0.9977287475665152,0.9993510707332901,0.9978909798831928,0.9977287475665152,0.9990266060999351,0.9987021414665801,1.0,0.9990266060999351,0.9990266060999351,0.9982154445165476,0.9985399091499026,0.9990266060999351
Wine,0.8333333333333334,0.9444444444444444,0.9444444444444444,0.9074074074074074,0.8703703703703703,1.0,0.9074074074074074,0.9814814814814815,0.8888888888888888,0.9444444444444444,0.9814814814814815,0.8703703703703703,0.8888888888888888,1.0,0.9814814814814815,0.9629629629629629,0.9629629629629629,0.9074074074074074,0.8888888888888888,0.8888888888888888,0.9259259259259259,0.8703703703703703,0.9074074074074074,0.9259259259259259,0.9814814814814815,0.9259259259259259,0.9814814814814815,0.7592592592592593,0.9259259259259259,0.9259259259259259
WordSynonyms,0.7429467084639498,0.7695924764890282,0.7554858934169278,0.7476489028213166,0.7633228840125392,0.774294670846395,0.7492163009404389,0.7570532915360502,0.7507836990595611,0.7884012539184952,0.7507836990595611,0.7586206896551724,0.7962382445141066,0.7554858934169278,0.7429467084639498,0.7382445141065831,0.7398119122257053,0.7852664576802508,0.774294670846395,0.7586206896551724,0.7586206896551724,0.7727272727272727,0.731974921630094,0.7664576802507836,0.7523510971786834,0.7633228840125392,0.7507836990595611,0.7554858934169278,0.7570532915360502,0.7554858934169278
Worms,0.7272727272727273,0.6623376623376623,0.7402597402597403,0.7532467532467533,0.6883116883116883,0.7012987012987013,0.6883116883116883,0.8441558441558441,0.6623376623376623,0.6753246753246753,0.6883116883116883,0.7142857142857143,0.7142857142857143,0.7922077922077922,0.6623376623376623,0.7402597402597403,0.6493506493506493,0.7142857142857143,0.7662337662337663,0.7012987012987013,0.7532467532467533,0.7272727272727273,0.6623376623376623,0.7402597402597403,0.6753246753246753,0.6883116883116883,0.6493506493506493,0.6493506493506493,0.8181818181818182,0.7922077922077922
WormsTwoClass,0.7792207792207793,0.8051948051948052,0.8311688311688312,0.7532467532467533,0.7922077922077922,0.7142857142857143,0.7532467532467533,0.8051948051948052,0.7662337662337663,0.7272727272727273,0.8051948051948052,0.7922077922077922,0.7402597402597403,0.7792207792207793,0.7532467532467533,0.7532467532467533,0.7012987012987013,0.7272727272727273,0.8441558441558441,0.7792207792207793,0.7662337662337663,0.7402597402597403,0.8311688311688312,0.8181818181818182,0.8311688311688312,0.7532467532467533,0.8051948051948052,0.7142857142857143,0.7922077922077922,0.7792207792207793
Yoga,0.9053333333333333,0.9163333333333333,0.9056666666666666,0.9213333333333333,0.8976666666666666,0.917,0.9143333333333333,0.9146666666666666,0.9103333333333333,0.9306666666666666,0.9173333333333333,0.899,0.9213333333333333,0.9066666666666666,0.9023333333333333,0.91,0.9133333333333333,0.9263333333333333,0.9096666666666666,0.909,0.9096666666666666,0.9203333333333333,0.9126666666666666,0.902,0.919,0.9103333333333333,0.9086666666666666,0.918,0.91,0.9086666666666666
